1053555
1076518
1123824
1123829
1123834
1123844
1123847
1123849
1123853
1123854
1123874
114109
1150229
1150234
1190664
13013
1349310
1349316
137515
142828
1545849
1566731
162147
1630651
1633027
1633028
1633415
163993
164007
164008
164015
1651834
1651835
1651836
1735002
1740683
1740684
1740685
1740686
1740687
1740688
1740689
1765766
1769426
181452
2023014
2023036
2107549
2175985
2185382
223369
2382282
245748
245769
245770
245775
252593
254544
255577
27695
27720
304017
304048
304083
304084
309911
327003
327006
327007
331123
331128
3359853
337629
3394343
371942
380998
390469
42516
42612
42626
466241
490520
490544
50613
510758
55108
594006
59899
613157
639293
648139
648981
66174
681886
681888
681897
681917
681930
714221
747047
749526
77839
77841
7988
8081
8084
8129
8130
81339
870163
930249
930260
930265
930272
932087
94172
94175
