1000982
1053589
1053590
1053599
1150203
1150207
1150208
1150209
1150215
1150216
1150217
1150218
1150219
1150220
1150221
1150225
1150227
1150229
1150231
1150233
1150234
1150235
1150239
1150241
1604540
1756094
175797
2099952
221419
2358150
238553
238556
238558
255572
2588702
30991
309911
3102494
3102495
3102496
3102497
3102498
3102499
3102500
3102501
3102502
3102503
3102504
3102729
3352615
3356806
337629
337632
337652
337658
337766
337783
366905
380996
380998
396892
396893
446789
456366
459635
462338
462339
466241
48165
490147
490528
490724
594006
642922
645123
686977
702663
742453
747773
933932
94174
94993
